Enter Graph input
Graph6
Enter Test input
LongTestCases
1 : 
[2,200,0]
[6,120,0]
2 : 
[1,200,0]
[3,150,0]
[7,400,50]
[6,280,0]
3 : 
[2,150,0]
[4,300,-30]
[8,500,120]
[9,600,0]
4 : 
[3,300,30]
[5,400,50]
[9,450,35]
5 : 
[4,400,-50]
[10,250,75]
6 : 
[1,120,0]
[2,280,0]
[7,100,35]
[11,600,-80]
7 : 
[2,400,-50]
[6,100,-35]
[8,180,-5]
[12,700,-20]
8 : 
[3,500,-120]
[7,180,5]
[9,400,-20]
[13,350,70]
[12,850,0]
9 : 
[3,600,0]
[4,450,-35]
[10,450,45]
[14,300,0]
[8,400,20]
10 : 
[5,250,-75]
[9,450,-45]
[15,450,-40]
11 : 
[6,600,80]
[12,800,260]
[16,700,70]
12 : 
[7,700,20]
[11,800,-260]
[13,500,-25]
[8,850,0]
[16,1100,-90]
[17,750,-210]
[18,900,0]
13 : 
[8,350,-70]
[12,500,20]
[14,400,-125]
[18,650,-80]
14 : 
[9,300,0]
[8,500,0]
[13,400,125]
[15,350,0]
[19,800,-80]
15 : 
[10,450,40]
[14,350,0]
[20,420,70]
[19,900,-100]
16 : 
[11,700,-70]
[12,1100,90]
[17,500,-110]
[21,100,20]
17 : 
[12,750,210]
[16,500,110]
[18,400,140]
[22,500,250]
18 : 
[12,900,0]
[13,650,80]
[17,400,-140]
[19,350,-150]
[23,200,-40]
19 : 
[14,800,80]
[15,900,100]
[18,350,150]
[20,700,300]
[23,450,60]
[24,260,40]
20 : 
[15,420,-70]
[19,700,-300]
[25,400,-90]
21 : 
[16,100,-20]
[22,200,25]
22 : 
[17,500,-250]
[23,100,-45]
[21,200,-25]
23 : 
[18,200,40]
[22,100,45]
[24,320,0]
[19,450,-60]
24 : 
[19,260,-40]
[23,320,0]
25 : 
[24,450,0]
[20,400,90]
26 : 
[27,200,0]
[31,120,0]
27 : 
[26,200,0]
[28,150,0]
[32,400,50]
[31,280,0]
28 : 
[27,150,0]
[29,300,-30]
[33,500,120]
[34,600,0]
29 : 
[28,300,30]
[30,400,50]
[34,450,35]
30 : 
[29,400,-50]
[35,250,75]
31 : 
[26,120,0]
[27,280,0]
[32,100,35]
[36,600,-80]
32 : 
[27,400,-50]
[31,100,-35]
[33,180,-5]
[37,700,-20]
33 : 
[28,500,-120]
[32,180,5]
[34,400,-20]
[38,350,70]
[37,850,0]
34 : 
[28,600,0]
[29,450,-35]
[35,450,45]
[39,300,0]
[33,400,20]
35 : 
[30,250,-75]
[34,450,-45]
[40,450,-40]
36 : 
[31,600,80]
[37,800,260]
[40,700,70]
37 : 
[32,700,20]
[36,800,-260]
[38,500,-25]
[33,850,0]
[41,1100,-90]
[42,750,-210]
[43,900,0]
38 : 
[33,350,-70]
[37,500,20]
[39,400,-125]
[43,650,-80]
39 : 
[34,300,0]
[33,500,0]
[38,400,125]
[40,350,0]
[44,800,-80]
40 : 
[35,450,40]
[39,350,0]
[45,420,70]
[44,900,-100]
41 : 
[36,700,-70]
[37,1100,90]
[42,500,-110]
[46,100,20]
42 : 
[37,750,210]
[41,500,110]
[43,400,140]
[47,500,250]
43 : 
[37,900,0]
[38,650,80]
[42,400,-140]
[44,350,-150]
[48,200,-40]
44 : 
[39,800,80]
[40,900,100]
[43,350,150]
[45,700,300]
[48,450,60]
[49,260,40]
45 : 
[40,420,-70]
[44,700,-300]
[50,400,-90]
46 : 
[41,100,-20]
[47,200,25]
47 : 
[42,500,-250]
[48,100,-45]
[46,200,-25]
48 : 
[43,200,40]
[47,100,45]
[49,320,0]
[44,450,-60]
49 : 
[44,260,-40]
[48,320,0]
50 : 
[49,450,0]
[45,400,90]
51 : 
[52,200,0]
[56,120,0]
52 : 
[51,200,0]
[53,150,0]
[57,400,50]
[56,280,0]
53 : 
[52,150,0]
[54,300,-30]
[58,500,120]
[59,600,0]
54 : 
[53,300,30]
[55,400,50]
[59,450,35]
55 : 
[54,400,-50]
[60,250,75]
56 : 
[51,120,0]
[52,280,0]
[57,100,35]
[61,600,-80]
57 : 
[52,400,-50]
[56,100,-35]
[58,180,-5]
[62,700,-20]
58 : 
[53,500,-120]
[57,180,5]
[59,400,-20]
[63,350,70]
[62,850,0]
59 : 
[53,600,0]
[54,450,-35]
[60,450,45]
[64,300,0]
[58,400,20]
60 : 
[55,250,-75]
[59,450,-45]
[65,450,-40]
61 : 
[56,600,80]
[62,800,260]
[66,700,70]
62 : 
[57,700,20]
[61,800,-260]
[63,500,-25]
[58,850,0]
[66,1100,-90]
[67,750,-210]
[68,900,0]
63 : 
[58,350,-70]
[62,500,20]
[64,400,-125]
[68,650,-80]
64 : 
[59,300,0]
[58,500,0]
[63,400,125]
[65,350,0]
[69,800,-80]
65 : 
[60,450,40]
[64,350,0]
[70,420,70]
[69,900,-100]
66 : 
[61,700,-70]
[62,1100,90]
[67,500,-110]
[71,100,20]
67 : 
[62,750,210]
[66,500,110]
[68,400,140]
[72,500,250]
68 : 
[62,900,0]
[63,650,80]
[67,400,-140]
[69,350,-150]
[73,200,-40]
69 : 
[64,800,80]
[65,900,100]
[68,350,150]
[70,700,300]
[73,450,60]
[74,260,40]
70 : 
[65,420,-70]
[69,700,-300]
[75,400,-90]
71 : 
[66,100,-20]
[72,200,25]
72 : 
[67,500,-250]
[73,100,-45]
[71,200,-25]
73 : 
[68,200,40]
[72,100,45]
[74,320,0]
[69,450,-60]
74 : 
[69,260,-40]
[73,320,0]
75 : 
[74,450,0]
[70,400,90]
76 : 
[77,200,0]
[81,120,0]
77 : 
[76,200,0]
[78,150,0]
[82,400,50]
[81,280,0]
78 : 
[77,150,0]
[79,300,-30]
[83,500,120]
[84,600,0]
79 : 
[78,300,30]
[80,400,50]
[84,450,35]
80 : 
[77,400,-50]
[85,250,75]
81 : 
[76,120,0]
[77,280,0]
[82,100,35]
[86,600,-80]
82 : 
[77,400,-50]
[81,100,-35]
[83,180,-5]
[87,700,-20]
83 : 
[78,500,-120]
[82,180,5]
[84,400,-20]
[88,350,70]
[87,850,0]
84 : 
[78,600,0]
[79,450,-35]
[85,450,45]
[89,300,0]
[83,400,20]
85 : 
[80,250,-75]
[84,450,-45]
[90,450,-40]
86 : 
[81,600,80]
[87,800,260]
[91,700,70]
87 : 
[82,700,20]
[86,800,-260]
[88,500,-25]
[83,850,0]
[91,1100,-90]
[92,750,-210]
[93,900,0]
88 : 
[83,350,-70]
[87,500,20]
[89,400,-125]
[93,650,-80]
89 : 
[84,300,0]
[83,500,0]
[88,400,125]
[90,350,0]
[94,800,-80]
90 : 
[85,450,40]
[89,350,0]
[95,420,70]
[94,900,-100]
91 : 
[86,700,-70]
[87,1100,90]
[92,500,-110]
[96,100,20]
92 : 
[87,750,210]
[91,500,110]
[93,400,140]
[97,500,250]
93 : 
[87,900,0]
[88,650,80]
[92,400,-140]
[94,350,-150]
[98,200,-40]
94 : 
[89,800,80]
[90,900,100]
[93,350,150]
[95,700,300]
[98,450,60]
[99,260,40]
95 : 
[90,420,-70]
[94,700,-300]
[100,400,-90]
96 : 
[91,100,-20]
[97,200,25]
97 : 
[92,500,-250]
[98,100,-45]
[96,200,-25]
98 : 
[93,200,40]
[97,100,45]
[99,320,0]
[94,450,-60]
99 : 
[94,260,-40]
[98,320,0]
100 : 
[99,450,0]
[95,400,90]
Source : 2	Destination : 17
[2, 6, 7, 12, 17]
Source : 15	Destination : 18
[15, 19, 18]
Source : 18	Destination : 15
[18, 19, 20, 15]
Source : 7	Destination : 14
[7, 12, 13, 14]
Source : 22	Destination : 2
[22, 21, 16, 11, 6, 7, 2]
Source : 1	Destination : 25
[1, 6, 7, 12, 13, 14, 15, 20, 25]
Source : 3	Destination : 16
[3, 2, 6, 7, 12, 16]
Source : 6	Destination : 9
[6, 7, 8, 9]
Source : 16	Destination : 23
[16, 21, 22, 23]
Source : 8	Destination : 23
[8, 7, 12, 13, 18, 23]
Source : 17	Destination : 2
[17, 12, 13, 8, 3, 2]
Source : 18	Destination : 15
[18, 19, 20, 15]
Source : 15	Destination : 18
[15, 19, 18]
Source : 14	Destination : 7
[14, 8, 7]
Source : 2	Destination : 22
[2, 6, 7, 12, 13, 18, 23, 22]
Source : 25	Destination : 1
[25, 20, 15, 14, 8, 7, 6, 1]
Source : 16	Destination : 3
[16, 11, 6, 7, 8, 3]
Source : 9	Destination : 6
[9, 8, 7, 6]
Source : 23	Destination : 16
[23, 22, 21, 16]
Source : 23	Destination : 8
[23, 22, 21, 16, 11, 6, 7, 8]
Source : 1	Destination : 17
[1, 6, 7, 12, 17]
Source : 16	Destination : 17
[16, 17]
Source : 19	Destination : 16
[19, 18, 23, 22, 21, 16]
Source : 8	Destination : 15
[8, 9, 10, 15]
Source : 23	Destination : 3
[23, 22, 21, 16, 11, 6, 7, 8, 3]
Source : 2	Destination : 24
[2, 6, 7, 12, 13, 14, 19, 24]
Source : 4	Destination : 17
[4, 3, 2, 6, 7, 12, 17]
Source : 4	Destination : 10
[4, 5, 10]
Source : 5	Destination : 24
[5, 10, 15, 19, 24]
Source : 9	Destination : 24
[9, 14, 19, 24]
Source : 17	Destination : 1
[17, 12, 13, 8, 7, 6, 1]
Source : 17	Destination : 16
[17, 16]
Source : 16	Destination : 19
[16, 21, 22, 23, 19]
Source : 15	Destination : 8
[15, 14, 8]
Source : 3	Destination : 23
[3, 2, 6, 7, 12, 13, 18, 23]
Source : 24	Destination : 2
[24, 23, 22, 21, 16, 11, 6, 7, 2]
Source : 17	Destination : 4
[17, 12, 13, 8, 3, 4]
Source : 10	Destination : 4
[10, 5, 4]
Source : 24	Destination : 5
[24, 19, 20, 15, 10, 5]
Source : 24	Destination : 9
[24, 19, 14, 9]
No. of Test Cases: 40
Execution Time:46